{
 "cells": [
  {
   "cell_type": "code",
   "execution_count": 77,
   "metadata": {},
   "outputs": [],
   "source": [
    "import networkx as nx\n",
    "import pandas as pd\n",
    "import numpy as np\n",
    "from scipy import stats\n",
    "import statistics\n",
    "import itertools\n",
    "import geopandas as gpd"
   ]
  },
  {
   "cell_type": "code",
   "execution_count": 45,
   "metadata": {},
   "outputs": [],
   "source": [
    "simplify_dir = '/Volumes/Data2/RST/notebook/GTFS/TTC_2016-10-03/GIS Simplify/'\n",
    "gtfs_dir = '/Volumes/Data2/RST/notebook/GTFS/TTC_2016-10-03/'"
   ]
  },
  {
   "cell_type": "code",
   "execution_count": 10,
   "metadata": {},
   "outputs": [],
   "source": [
    "simplify_dir = 'D:/RST/RST/notebook/GTFS/TTC_2016-10-03/GIS Simplify/'\n",
    "\n",
    "gtfs_dir = 'D:/RST/notebook/GTFS/TTC_2016-10-03/'"
   ]
  },
  {
   "cell_type": "code",
   "execution_count": 91,
   "metadata": {},
   "outputs": [],
   "source": [
    "ward = gpd.read_file('/Volumes/Data2/RST/notebook/GIS/wards_no-island.geojson')\n",
    "\n",
    "ward = ward[['AREA_SHORT_CODE', 'geometry']]\n",
    "ward = ward.to_crs('epsg:26917')\n",
    "ward['area'] = ward['geometry'].area/1000000\n",
    "\n",
    "ward = ward.rename(columns = {'AREA_SHORT_CODE':'ward'})"
   ]
  },
  {
   "cell_type": "code",
   "execution_count": 46,
   "metadata": {},
   "outputs": [],
   "source": [
    "ward_int = pd.read_csv('/Volumes/Data2/RST/notebook/GIS/int_wards.csv')\n",
    "\n",
    "#ward_int = pd.read_csv('D:/RST/notebook/GIS/int_wards.csv')\n",
    "\n",
    "ward_int['INT_ID_STR'] = ward_int['INT_ID'].astype(str)"
   ]
  },
  {
   "cell_type": "code",
   "execution_count": 60,
   "metadata": {},
   "outputs": [],
   "source": [
    "period = 'AM'\n",
    "period_hr = 7"
   ]
  },
  {
   "cell_type": "code",
   "execution_count": 48,
   "metadata": {},
   "outputs": [],
   "source": [
    "# G = nx.read_gexf('D:/RST/notebook/networks/' + period +'-RM-16-singleDi.gexf')\n",
    "# graph_data = pd.read_csv('D:/RST/notebook/networks/' + period +'-RM-16-singleDi.csv')\n",
    "\n",
    "\n",
    "G = nx.read_gexf('/Volumes/Data2/RST/notebook/networks/' + period +'-RM-16.gexf')\n",
    "graph_data = pd.read_csv('/Volumes/Data2/RST/notebook/networks/' + period +'-RM-16.csv')\n",
    "\n",
    "\n",
    "\n",
    "stop_times_od = pd.read_csv(gtfs_dir + 'stop_times_full.csv')"
   ]
  },
  {
   "cell_type": "code",
   "execution_count": 53,
   "metadata": {},
   "outputs": [],
   "source": [
    "route_dir = stop_times_od[stop_times_od['hr_o'] == period_hr]\n",
    "route_dir = route_dir[['INT_ID_o', 'INT_ID_d', 'route_short_name']].drop_duplicates()\n",
    "\n",
    "#route_dir = route_dir.merge(graph_data)"
   ]
  },
  {
   "cell_type": "code",
   "execution_count": 54,
   "metadata": {},
   "outputs": [],
   "source": [
    "route_dir = route_dir.append(route_dir.rename(columns = {'INT_ID_o':'INT_ID_d', 'INT_ID_d':'INT_ID_o'})[['INT_ID_o', \n",
    "                                                                            'INT_ID_d', 'route_short_name']])\n",
    "\n",
    "route_dir = route_dir.drop_duplicates()\n",
    "\n",
    "\n",
    "route_dir = route_dir.groupby(['INT_ID_o', 'INT_ID_d'])['route_short_name'].apply(list).reset_index()\n",
    "route_dir = route_dir.merge(graph_data)"
   ]
  },
  {
   "cell_type": "code",
   "execution_count": 55,
   "metadata": {},
   "outputs": [],
   "source": [
    "def func(row):\n",
    "\n",
    "    single_cycle = row.copy()\n",
    "    single_cycle.append(single_cycle[0])\n",
    "    single_cycle.append(None)\n",
    "\n",
    "\n",
    "    cycle_pairs = list(zip(single_cycle [::1], single_cycle [1::1]))[:-1]\n",
    "    cycle_pairs = [list(map(int, sublist)) for sublist in cycle_pairs]\n",
    "    cycle_df = route_dir.merge(pd.DataFrame.from_records(cycle_pairs, columns = ['INT_ID_o', 'INT_ID_d']))\n",
    "\n",
    "    first_route = cycle_df.iloc[0,2]\n",
    "\n",
    "    #check for cycles where it can be traversed by 1 route, ie eliminate out and back trips\n",
    "    for route in first_route:\n",
    "        if len(cycle_df[cycle_df['route_short_name'].apply(lambda x: route in x)]) == len(cycle_df):\n",
    "            return ward,0,0,1\n",
    "            break\n",
    "        else:\n",
    "            return ward, 1, cycle_df['scaled_freq'].min(), 0\n",
    "        "
   ]
  },
  {
   "cell_type": "code",
   "execution_count": 73,
   "metadata": {},
   "outputs": [
    {
     "name": "stdout",
     "output_type": "stream",
     "text": [
      "Ward 1, Size 152 Found 14 cycles\n",
      "Ward 2, Size 151 Found 6 cycles\n",
      "Ward 3, Size 154 Found 6 cycles\n",
      "Ward 4, Size 89 Found 8 cycles\n",
      "Ward 5, Size 159 Found 11 cycles\n",
      "Ward 6, Size 103 Found 2 cycles\n",
      "Ward 7, Size 95 Found 4 cycles\n",
      "Ward 8, Size 120 Found 5 cycles\n",
      "Ward 9, Size 87 Found 6 cycles\n",
      "Ward 10, Size 50 Found 3 cycles\n",
      "Ward 11, Size 73 Found 7 cycles\n",
      "Ward 12, Size 54 Found 1 cycles\n",
      "Ward 13, Size 58 Found 4 cycles\n",
      "Ward 14, Size 115 Found 8 cycles\n",
      "Ward 15, Size 96 Found 2 cycles\n",
      "Ward 16, Size 74 Found 5 cycles\n",
      "Ward 17, Size 91 Found 8 cycles\n",
      "Ward 18, Size 83 Found 3 cycles\n",
      "Ward 19, Size 99 Found 5 cycles\n",
      "Ward 20, Size 127 Found 2 cycles\n",
      "Ward 21, Size 111 Found 4 cycles\n",
      "Ward 22, Size 99 Found 12 cycles\n",
      "Ward 23, Size 109 Found 11 cycles\n",
      "Ward 24, Size 59 Found 3 cycles\n",
      "Ward 25, Size 96 Found 0 cycles\n"
     ]
    }
   ],
   "source": [
    "result_list = []\n",
    "ward_n = []\n",
    "\n",
    "for ward in range(1,26,1):\n",
    "\n",
    "    G_ward = G.copy()\n",
    "\n",
    "\n",
    "    G_ward.remove_nodes_from(list(ward_int[ward_int['AREA_SHORT_CODE'] != ward]['INT_ID_STR']))\n",
    "\n",
    "    N = G_ward.size()\n",
    "\n",
    "    #find cycles\n",
    "    cycle_list = list(nx.cycle_basis(G_ward))\n",
    "    print('Ward ' + str(ward) + ', Size ' + str(N) + ' Found '+ str(len(cycle_list)) + ' cycles')\n",
    "\n",
    "    temp_list = list(map(func, cycle_list))\n",
    "    \n",
    "\n",
    "    result_list.append(temp_list)\n",
    "    \n",
    "    if len(cycle_list) == 0:\n",
    "        result_list.append([(ward, 0, 0, 0)])\n",
    "    \n",
    "    ward_n.append([ward, N])\n",
    "\n",
    "    "
   ]
  },
  {
   "cell_type": "code",
   "execution_count": 102,
   "metadata": {},
   "outputs": [],
   "source": [
    "combined = list(itertools.chain.from_iterable(result_list))\n",
    "result_df = pd.DataFrame.from_records(\n",
    "    combined, columns = ['ward', 'cycles', 'scaled_cycles', 'removed_cycles']).groupby(\n",
    "    'ward').sum().reset_index()\n",
    "result_df = result_df.merge(pd.DataFrame.from_records(ward_n, columns = ['ward', 'N']))"
   ]
  },
  {
   "cell_type": "code",
   "execution_count": 103,
   "metadata": {},
   "outputs": [],
   "source": [
    "result_df['cycle_availability'] = result_df['scaled_cycles']/(2 * result_df['N'] + 5)\n",
    "result_df = result_df.merge(ward[['ward', 'area']])"
   ]
  },
  {
   "cell_type": "code",
   "execution_count": 104,
   "metadata": {},
   "outputs": [
    {
     "data": {
      "text/html": [
       "<div>\n",
       "<style scoped>\n",
       "    .dataframe tbody tr th:only-of-type {\n",
       "        vertical-align: middle;\n",
       "    }\n",
       "\n",
       "    .dataframe tbody tr th {\n",
       "        vertical-align: top;\n",
       "    }\n",
       "\n",
       "    .dataframe thead th {\n",
       "        text-align: right;\n",
       "    }\n",
       "</style>\n",
       "<table border=\"1\" class=\"dataframe\">\n",
       "  <thead>\n",
       "    <tr style=\"text-align: right;\">\n",
       "      <th></th>\n",
       "      <th>ward</th>\n",
       "      <th>cycles</th>\n",
       "      <th>scaled_cycles</th>\n",
       "      <th>removed_cycles</th>\n",
       "      <th>N</th>\n",
       "      <th>cycle_availability</th>\n",
       "      <th>area</th>\n",
       "      <th>ward_name</th>\n",
       "      <th>cycle_density</th>\n",
       "    </tr>\n",
       "  </thead>\n",
       "  <tbody>\n",
       "    <tr>\n",
       "      <th>21</th>\n",
       "      <td>22</td>\n",
       "      <td>12</td>\n",
       "      <td>1.237624</td>\n",
       "      <td>0</td>\n",
       "      <td>99</td>\n",
       "      <td>0.006097</td>\n",
       "      <td>21.395977</td>\n",
       "      <td>Scarborough-Agincourt</td>\n",
       "      <td>0.057844</td>\n",
       "    </tr>\n",
       "    <tr>\n",
       "      <th>9</th>\n",
       "      <td>10</td>\n",
       "      <td>3</td>\n",
       "      <td>0.544554</td>\n",
       "      <td>0</td>\n",
       "      <td>50</td>\n",
       "      <td>0.005186</td>\n",
       "      <td>9.301089</td>\n",
       "      <td>Spadina-Fort York</td>\n",
       "      <td>0.058547</td>\n",
       "    </tr>\n",
       "    <tr>\n",
       "      <th>10</th>\n",
       "      <td>11</td>\n",
       "      <td>7</td>\n",
       "      <td>0.603960</td>\n",
       "      <td>0</td>\n",
       "      <td>73</td>\n",
       "      <td>0.004000</td>\n",
       "      <td>13.594704</td>\n",
       "      <td>University-Rosedale</td>\n",
       "      <td>0.044426</td>\n",
       "    </tr>\n",
       "    <tr>\n",
       "      <th>15</th>\n",
       "      <td>16</td>\n",
       "      <td>5</td>\n",
       "      <td>0.564356</td>\n",
       "      <td>0</td>\n",
       "      <td>74</td>\n",
       "      <td>0.003689</td>\n",
       "      <td>22.961198</td>\n",
       "      <td>Don Valley East</td>\n",
       "      <td>0.024579</td>\n",
       "    </tr>\n",
       "    <tr>\n",
       "      <th>12</th>\n",
       "      <td>13</td>\n",
       "      <td>4</td>\n",
       "      <td>0.396040</td>\n",
       "      <td>0</td>\n",
       "      <td>58</td>\n",
       "      <td>0.003273</td>\n",
       "      <td>5.861979</td>\n",
       "      <td>Toronto Centre</td>\n",
       "      <td>0.067561</td>\n",
       "    </tr>\n",
       "    <tr>\n",
       "      <th>16</th>\n",
       "      <td>17</td>\n",
       "      <td>8</td>\n",
       "      <td>0.594059</td>\n",
       "      <td>0</td>\n",
       "      <td>91</td>\n",
       "      <td>0.003177</td>\n",
       "      <td>24.416753</td>\n",
       "      <td>Don Valley North</td>\n",
       "      <td>0.024330</td>\n",
       "    </tr>\n",
       "    <tr>\n",
       "      <th>22</th>\n",
       "      <td>23</td>\n",
       "      <td>11</td>\n",
       "      <td>0.702970</td>\n",
       "      <td>0</td>\n",
       "      <td>109</td>\n",
       "      <td>0.003152</td>\n",
       "      <td>30.433949</td>\n",
       "      <td>Scarborough North</td>\n",
       "      <td>0.023098</td>\n",
       "    </tr>\n",
       "    <tr>\n",
       "      <th>23</th>\n",
       "      <td>24</td>\n",
       "      <td>3</td>\n",
       "      <td>0.356436</td>\n",
       "      <td>0</td>\n",
       "      <td>59</td>\n",
       "      <td>0.002898</td>\n",
       "      <td>26.114731</td>\n",
       "      <td>Scarborough-Guildwood</td>\n",
       "      <td>0.013649</td>\n",
       "    </tr>\n",
       "    <tr>\n",
       "      <th>3</th>\n",
       "      <td>4</td>\n",
       "      <td>8</td>\n",
       "      <td>0.514851</td>\n",
       "      <td>0</td>\n",
       "      <td>89</td>\n",
       "      <td>0.002813</td>\n",
       "      <td>15.324933</td>\n",
       "      <td>Parkdale-High Park</td>\n",
       "      <td>0.033596</td>\n",
       "    </tr>\n",
       "    <tr>\n",
       "      <th>0</th>\n",
       "      <td>1</td>\n",
       "      <td>14</td>\n",
       "      <td>0.811881</td>\n",
       "      <td>0</td>\n",
       "      <td>152</td>\n",
       "      <td>0.002627</td>\n",
       "      <td>48.352264</td>\n",
       "      <td>Etobicoke North</td>\n",
       "      <td>0.016791</td>\n",
       "    </tr>\n",
       "    <tr>\n",
       "      <th>13</th>\n",
       "      <td>14</td>\n",
       "      <td>8</td>\n",
       "      <td>0.574257</td>\n",
       "      <td>0</td>\n",
       "      <td>115</td>\n",
       "      <td>0.002444</td>\n",
       "      <td>21.798056</td>\n",
       "      <td>Toronto-Danforth</td>\n",
       "      <td>0.026344</td>\n",
       "    </tr>\n",
       "    <tr>\n",
       "      <th>6</th>\n",
       "      <td>7</td>\n",
       "      <td>4</td>\n",
       "      <td>0.475248</td>\n",
       "      <td>0</td>\n",
       "      <td>95</td>\n",
       "      <td>0.002437</td>\n",
       "      <td>30.694207</td>\n",
       "      <td>Humber River-Black Creek</td>\n",
       "      <td>0.015483</td>\n",
       "    </tr>\n",
       "    <tr>\n",
       "      <th>8</th>\n",
       "      <td>9</td>\n",
       "      <td>6</td>\n",
       "      <td>0.435644</td>\n",
       "      <td>0</td>\n",
       "      <td>87</td>\n",
       "      <td>0.002434</td>\n",
       "      <td>12.092764</td>\n",
       "      <td>Davenport</td>\n",
       "      <td>0.036025</td>\n",
       "    </tr>\n",
       "    <tr>\n",
       "      <th>4</th>\n",
       "      <td>5</td>\n",
       "      <td>10</td>\n",
       "      <td>0.752475</td>\n",
       "      <td>1</td>\n",
       "      <td>159</td>\n",
       "      <td>0.002330</td>\n",
       "      <td>24.973567</td>\n",
       "      <td>York South-Weston</td>\n",
       "      <td>0.030131</td>\n",
       "    </tr>\n",
       "    <tr>\n",
       "      <th>18</th>\n",
       "      <td>19</td>\n",
       "      <td>5</td>\n",
       "      <td>0.336634</td>\n",
       "      <td>0</td>\n",
       "      <td>99</td>\n",
       "      <td>0.001658</td>\n",
       "      <td>16.801757</td>\n",
       "      <td>Beaches-East York</td>\n",
       "      <td>0.020036</td>\n",
       "    </tr>\n",
       "    <tr>\n",
       "      <th>20</th>\n",
       "      <td>21</td>\n",
       "      <td>3</td>\n",
       "      <td>0.247525</td>\n",
       "      <td>1</td>\n",
       "      <td>111</td>\n",
       "      <td>0.001090</td>\n",
       "      <td>28.201837</td>\n",
       "      <td>Scarborough Centre</td>\n",
       "      <td>0.008777</td>\n",
       "    </tr>\n",
       "    <tr>\n",
       "      <th>7</th>\n",
       "      <td>8</td>\n",
       "      <td>5</td>\n",
       "      <td>0.217822</td>\n",
       "      <td>0</td>\n",
       "      <td>120</td>\n",
       "      <td>0.000889</td>\n",
       "      <td>22.657720</td>\n",
       "      <td>Eglinton-Lawrence</td>\n",
       "      <td>0.009614</td>\n",
       "    </tr>\n",
       "    <tr>\n",
       "      <th>2</th>\n",
       "      <td>3</td>\n",
       "      <td>6</td>\n",
       "      <td>0.247525</td>\n",
       "      <td>0</td>\n",
       "      <td>154</td>\n",
       "      <td>0.000791</td>\n",
       "      <td>40.012431</td>\n",
       "      <td>Etobicoke-Lakeshore</td>\n",
       "      <td>0.006186</td>\n",
       "    </tr>\n",
       "    <tr>\n",
       "      <th>5</th>\n",
       "      <td>6</td>\n",
       "      <td>2</td>\n",
       "      <td>0.158416</td>\n",
       "      <td>0</td>\n",
       "      <td>103</td>\n",
       "      <td>0.000751</td>\n",
       "      <td>35.352673</td>\n",
       "      <td>York Centre</td>\n",
       "      <td>0.004481</td>\n",
       "    </tr>\n",
       "    <tr>\n",
       "      <th>17</th>\n",
       "      <td>18</td>\n",
       "      <td>3</td>\n",
       "      <td>0.118812</td>\n",
       "      <td>0</td>\n",
       "      <td>83</td>\n",
       "      <td>0.000695</td>\n",
       "      <td>19.758824</td>\n",
       "      <td>Willowdale</td>\n",
       "      <td>0.006013</td>\n",
       "    </tr>\n",
       "    <tr>\n",
       "      <th>11</th>\n",
       "      <td>12</td>\n",
       "      <td>1</td>\n",
       "      <td>0.059406</td>\n",
       "      <td>0</td>\n",
       "      <td>54</td>\n",
       "      <td>0.000526</td>\n",
       "      <td>13.119079</td>\n",
       "      <td>Toronto-St. Paul's</td>\n",
       "      <td>0.004528</td>\n",
       "    </tr>\n",
       "    <tr>\n",
       "      <th>1</th>\n",
       "      <td>2</td>\n",
       "      <td>6</td>\n",
       "      <td>0.158416</td>\n",
       "      <td>0</td>\n",
       "      <td>151</td>\n",
       "      <td>0.000516</td>\n",
       "      <td>37.339754</td>\n",
       "      <td>Etobicoke Centre</td>\n",
       "      <td>0.004243</td>\n",
       "    </tr>\n",
       "    <tr>\n",
       "      <th>19</th>\n",
       "      <td>20</td>\n",
       "      <td>2</td>\n",
       "      <td>0.108911</td>\n",
       "      <td>0</td>\n",
       "      <td>127</td>\n",
       "      <td>0.000421</td>\n",
       "      <td>28.187890</td>\n",
       "      <td>Scarborough Southwest</td>\n",
       "      <td>0.003864</td>\n",
       "    </tr>\n",
       "    <tr>\n",
       "      <th>14</th>\n",
       "      <td>15</td>\n",
       "      <td>2</td>\n",
       "      <td>0.079208</td>\n",
       "      <td>0</td>\n",
       "      <td>96</td>\n",
       "      <td>0.000402</td>\n",
       "      <td>30.291447</td>\n",
       "      <td>Don Valley West</td>\n",
       "      <td>0.002615</td>\n",
       "    </tr>\n",
       "    <tr>\n",
       "      <th>24</th>\n",
       "      <td>25</td>\n",
       "      <td>0</td>\n",
       "      <td>0.000000</td>\n",
       "      <td>0</td>\n",
       "      <td>96</td>\n",
       "      <td>0.000000</td>\n",
       "      <td>54.085106</td>\n",
       "      <td>Scarborough-Rouge Park</td>\n",
       "      <td>0.000000</td>\n",
       "    </tr>\n",
       "  </tbody>\n",
       "</table>\n",
       "</div>"
      ],
      "text/plain": [
       "    ward  cycles  scaled_cycles  removed_cycles    N  cycle_availability  \\\n",
       "21    22      12       1.237624               0   99            0.006097   \n",
       "9     10       3       0.544554               0   50            0.005186   \n",
       "10    11       7       0.603960               0   73            0.004000   \n",
       "15    16       5       0.564356               0   74            0.003689   \n",
       "12    13       4       0.396040               0   58            0.003273   \n",
       "16    17       8       0.594059               0   91            0.003177   \n",
       "22    23      11       0.702970               0  109            0.003152   \n",
       "23    24       3       0.356436               0   59            0.002898   \n",
       "3      4       8       0.514851               0   89            0.002813   \n",
       "0      1      14       0.811881               0  152            0.002627   \n",
       "13    14       8       0.574257               0  115            0.002444   \n",
       "6      7       4       0.475248               0   95            0.002437   \n",
       "8      9       6       0.435644               0   87            0.002434   \n",
       "4      5      10       0.752475               1  159            0.002330   \n",
       "18    19       5       0.336634               0   99            0.001658   \n",
       "20    21       3       0.247525               1  111            0.001090   \n",
       "7      8       5       0.217822               0  120            0.000889   \n",
       "2      3       6       0.247525               0  154            0.000791   \n",
       "5      6       2       0.158416               0  103            0.000751   \n",
       "17    18       3       0.118812               0   83            0.000695   \n",
       "11    12       1       0.059406               0   54            0.000526   \n",
       "1      2       6       0.158416               0  151            0.000516   \n",
       "19    20       2       0.108911               0  127            0.000421   \n",
       "14    15       2       0.079208               0   96            0.000402   \n",
       "24    25       0       0.000000               0   96            0.000000   \n",
       "\n",
       "         area                 ward_name  cycle_density  \n",
       "21  21.395977     Scarborough-Agincourt       0.057844  \n",
       "9    9.301089         Spadina-Fort York       0.058547  \n",
       "10  13.594704       University-Rosedale       0.044426  \n",
       "15  22.961198           Don Valley East       0.024579  \n",
       "12   5.861979            Toronto Centre       0.067561  \n",
       "16  24.416753          Don Valley North       0.024330  \n",
       "22  30.433949         Scarborough North       0.023098  \n",
       "23  26.114731     Scarborough-Guildwood       0.013649  \n",
       "3   15.324933        Parkdale-High Park       0.033596  \n",
       "0   48.352264           Etobicoke North       0.016791  \n",
       "13  21.798056          Toronto-Danforth       0.026344  \n",
       "6   30.694207  Humber River-Black Creek       0.015483  \n",
       "8   12.092764                 Davenport       0.036025  \n",
       "4   24.973567         York South-Weston       0.030131  \n",
       "18  16.801757         Beaches-East York       0.020036  \n",
       "20  28.201837        Scarborough Centre       0.008777  \n",
       "7   22.657720         Eglinton-Lawrence       0.009614  \n",
       "2   40.012431       Etobicoke-Lakeshore       0.006186  \n",
       "5   35.352673               York Centre       0.004481  \n",
       "17  19.758824                Willowdale       0.006013  \n",
       "11  13.119079        Toronto-St. Paul's       0.004528  \n",
       "1   37.339754          Etobicoke Centre       0.004243  \n",
       "19  28.187890     Scarborough Southwest       0.003864  \n",
       "14  30.291447           Don Valley West       0.002615  \n",
       "24  54.085106    Scarborough-Rouge Park       0.000000  "
      ]
     },
     "execution_count": 104,
     "metadata": {},
     "output_type": "execute_result"
    }
   ],
   "source": [
    "result_df = result_df.merge(ward_int[['AREA_NAME', 'AREA_SHORT_CODE']].drop_duplicates(), left_on = ['ward'], \n",
    "                 right_on = ['AREA_SHORT_CODE']).rename(columns = {'AREA_NAME':'ward_name'}).drop(\n",
    "    columns = ['AREA_SHORT_CODE'])\n",
    "result_df['cycle_density'] = result_df['scaled_cycles']/result_df['area']\n",
    "result_df.sort_values(by = 'cycle_availability', ascending = False)"
   ]
  },
  {
   "cell_type": "code",
   "execution_count": 105,
   "metadata": {},
   "outputs": [
    {
     "data": {
      "text/html": [
       "<div>\n",
       "<style scoped>\n",
       "    .dataframe tbody tr th:only-of-type {\n",
       "        vertical-align: middle;\n",
       "    }\n",
       "\n",
       "    .dataframe tbody tr th {\n",
       "        vertical-align: top;\n",
       "    }\n",
       "\n",
       "    .dataframe thead th {\n",
       "        text-align: right;\n",
       "    }\n",
       "</style>\n",
       "<table border=\"1\" class=\"dataframe\">\n",
       "  <thead>\n",
       "    <tr style=\"text-align: right;\">\n",
       "      <th></th>\n",
       "      <th>ward</th>\n",
       "      <th>cycles</th>\n",
       "      <th>scaled_cycles</th>\n",
       "      <th>removed_cycles</th>\n",
       "      <th>N</th>\n",
       "      <th>cycle_availability</th>\n",
       "      <th>area</th>\n",
       "      <th>ward_name</th>\n",
       "      <th>cycle_density</th>\n",
       "    </tr>\n",
       "  </thead>\n",
       "  <tbody>\n",
       "    <tr>\n",
       "      <th>12</th>\n",
       "      <td>13</td>\n",
       "      <td>4</td>\n",
       "      <td>0.396040</td>\n",
       "      <td>0</td>\n",
       "      <td>58</td>\n",
       "      <td>0.003273</td>\n",
       "      <td>5.861979</td>\n",
       "      <td>Toronto Centre</td>\n",
       "      <td>0.067561</td>\n",
       "    </tr>\n",
       "    <tr>\n",
       "      <th>9</th>\n",
       "      <td>10</td>\n",
       "      <td>3</td>\n",
       "      <td>0.544554</td>\n",
       "      <td>0</td>\n",
       "      <td>50</td>\n",
       "      <td>0.005186</td>\n",
       "      <td>9.301089</td>\n",
       "      <td>Spadina-Fort York</td>\n",
       "      <td>0.058547</td>\n",
       "    </tr>\n",
       "    <tr>\n",
       "      <th>21</th>\n",
       "      <td>22</td>\n",
       "      <td>12</td>\n",
       "      <td>1.237624</td>\n",
       "      <td>0</td>\n",
       "      <td>99</td>\n",
       "      <td>0.006097</td>\n",
       "      <td>21.395977</td>\n",
       "      <td>Scarborough-Agincourt</td>\n",
       "      <td>0.057844</td>\n",
       "    </tr>\n",
       "    <tr>\n",
       "      <th>10</th>\n",
       "      <td>11</td>\n",
       "      <td>7</td>\n",
       "      <td>0.603960</td>\n",
       "      <td>0</td>\n",
       "      <td>73</td>\n",
       "      <td>0.004000</td>\n",
       "      <td>13.594704</td>\n",
       "      <td>University-Rosedale</td>\n",
       "      <td>0.044426</td>\n",
       "    </tr>\n",
       "    <tr>\n",
       "      <th>8</th>\n",
       "      <td>9</td>\n",
       "      <td>6</td>\n",
       "      <td>0.435644</td>\n",
       "      <td>0</td>\n",
       "      <td>87</td>\n",
       "      <td>0.002434</td>\n",
       "      <td>12.092764</td>\n",
       "      <td>Davenport</td>\n",
       "      <td>0.036025</td>\n",
       "    </tr>\n",
       "    <tr>\n",
       "      <th>3</th>\n",
       "      <td>4</td>\n",
       "      <td>8</td>\n",
       "      <td>0.514851</td>\n",
       "      <td>0</td>\n",
       "      <td>89</td>\n",
       "      <td>0.002813</td>\n",
       "      <td>15.324933</td>\n",
       "      <td>Parkdale-High Park</td>\n",
       "      <td>0.033596</td>\n",
       "    </tr>\n",
       "    <tr>\n",
       "      <th>4</th>\n",
       "      <td>5</td>\n",
       "      <td>10</td>\n",
       "      <td>0.752475</td>\n",
       "      <td>1</td>\n",
       "      <td>159</td>\n",
       "      <td>0.002330</td>\n",
       "      <td>24.973567</td>\n",
       "      <td>York South-Weston</td>\n",
       "      <td>0.030131</td>\n",
       "    </tr>\n",
       "    <tr>\n",
       "      <th>13</th>\n",
       "      <td>14</td>\n",
       "      <td>8</td>\n",
       "      <td>0.574257</td>\n",
       "      <td>0</td>\n",
       "      <td>115</td>\n",
       "      <td>0.002444</td>\n",
       "      <td>21.798056</td>\n",
       "      <td>Toronto-Danforth</td>\n",
       "      <td>0.026344</td>\n",
       "    </tr>\n",
       "    <tr>\n",
       "      <th>15</th>\n",
       "      <td>16</td>\n",
       "      <td>5</td>\n",
       "      <td>0.564356</td>\n",
       "      <td>0</td>\n",
       "      <td>74</td>\n",
       "      <td>0.003689</td>\n",
       "      <td>22.961198</td>\n",
       "      <td>Don Valley East</td>\n",
       "      <td>0.024579</td>\n",
       "    </tr>\n",
       "    <tr>\n",
       "      <th>16</th>\n",
       "      <td>17</td>\n",
       "      <td>8</td>\n",
       "      <td>0.594059</td>\n",
       "      <td>0</td>\n",
       "      <td>91</td>\n",
       "      <td>0.003177</td>\n",
       "      <td>24.416753</td>\n",
       "      <td>Don Valley North</td>\n",
       "      <td>0.024330</td>\n",
       "    </tr>\n",
       "    <tr>\n",
       "      <th>22</th>\n",
       "      <td>23</td>\n",
       "      <td>11</td>\n",
       "      <td>0.702970</td>\n",
       "      <td>0</td>\n",
       "      <td>109</td>\n",
       "      <td>0.003152</td>\n",
       "      <td>30.433949</td>\n",
       "      <td>Scarborough North</td>\n",
       "      <td>0.023098</td>\n",
       "    </tr>\n",
       "    <tr>\n",
       "      <th>18</th>\n",
       "      <td>19</td>\n",
       "      <td>5</td>\n",
       "      <td>0.336634</td>\n",
       "      <td>0</td>\n",
       "      <td>99</td>\n",
       "      <td>0.001658</td>\n",
       "      <td>16.801757</td>\n",
       "      <td>Beaches-East York</td>\n",
       "      <td>0.020036</td>\n",
       "    </tr>\n",
       "    <tr>\n",
       "      <th>0</th>\n",
       "      <td>1</td>\n",
       "      <td>14</td>\n",
       "      <td>0.811881</td>\n",
       "      <td>0</td>\n",
       "      <td>152</td>\n",
       "      <td>0.002627</td>\n",
       "      <td>48.352264</td>\n",
       "      <td>Etobicoke North</td>\n",
       "      <td>0.016791</td>\n",
       "    </tr>\n",
       "    <tr>\n",
       "      <th>6</th>\n",
       "      <td>7</td>\n",
       "      <td>4</td>\n",
       "      <td>0.475248</td>\n",
       "      <td>0</td>\n",
       "      <td>95</td>\n",
       "      <td>0.002437</td>\n",
       "      <td>30.694207</td>\n",
       "      <td>Humber River-Black Creek</td>\n",
       "      <td>0.015483</td>\n",
       "    </tr>\n",
       "    <tr>\n",
       "      <th>23</th>\n",
       "      <td>24</td>\n",
       "      <td>3</td>\n",
       "      <td>0.356436</td>\n",
       "      <td>0</td>\n",
       "      <td>59</td>\n",
       "      <td>0.002898</td>\n",
       "      <td>26.114731</td>\n",
       "      <td>Scarborough-Guildwood</td>\n",
       "      <td>0.013649</td>\n",
       "    </tr>\n",
       "    <tr>\n",
       "      <th>7</th>\n",
       "      <td>8</td>\n",
       "      <td>5</td>\n",
       "      <td>0.217822</td>\n",
       "      <td>0</td>\n",
       "      <td>120</td>\n",
       "      <td>0.000889</td>\n",
       "      <td>22.657720</td>\n",
       "      <td>Eglinton-Lawrence</td>\n",
       "      <td>0.009614</td>\n",
       "    </tr>\n",
       "    <tr>\n",
       "      <th>20</th>\n",
       "      <td>21</td>\n",
       "      <td>3</td>\n",
       "      <td>0.247525</td>\n",
       "      <td>1</td>\n",
       "      <td>111</td>\n",
       "      <td>0.001090</td>\n",
       "      <td>28.201837</td>\n",
       "      <td>Scarborough Centre</td>\n",
       "      <td>0.008777</td>\n",
       "    </tr>\n",
       "    <tr>\n",
       "      <th>2</th>\n",
       "      <td>3</td>\n",
       "      <td>6</td>\n",
       "      <td>0.247525</td>\n",
       "      <td>0</td>\n",
       "      <td>154</td>\n",
       "      <td>0.000791</td>\n",
       "      <td>40.012431</td>\n",
       "      <td>Etobicoke-Lakeshore</td>\n",
       "      <td>0.006186</td>\n",
       "    </tr>\n",
       "    <tr>\n",
       "      <th>17</th>\n",
       "      <td>18</td>\n",
       "      <td>3</td>\n",
       "      <td>0.118812</td>\n",
       "      <td>0</td>\n",
       "      <td>83</td>\n",
       "      <td>0.000695</td>\n",
       "      <td>19.758824</td>\n",
       "      <td>Willowdale</td>\n",
       "      <td>0.006013</td>\n",
       "    </tr>\n",
       "    <tr>\n",
       "      <th>11</th>\n",
       "      <td>12</td>\n",
       "      <td>1</td>\n",
       "      <td>0.059406</td>\n",
       "      <td>0</td>\n",
       "      <td>54</td>\n",
       "      <td>0.000526</td>\n",
       "      <td>13.119079</td>\n",
       "      <td>Toronto-St. Paul's</td>\n",
       "      <td>0.004528</td>\n",
       "    </tr>\n",
       "    <tr>\n",
       "      <th>5</th>\n",
       "      <td>6</td>\n",
       "      <td>2</td>\n",
       "      <td>0.158416</td>\n",
       "      <td>0</td>\n",
       "      <td>103</td>\n",
       "      <td>0.000751</td>\n",
       "      <td>35.352673</td>\n",
       "      <td>York Centre</td>\n",
       "      <td>0.004481</td>\n",
       "    </tr>\n",
       "    <tr>\n",
       "      <th>1</th>\n",
       "      <td>2</td>\n",
       "      <td>6</td>\n",
       "      <td>0.158416</td>\n",
       "      <td>0</td>\n",
       "      <td>151</td>\n",
       "      <td>0.000516</td>\n",
       "      <td>37.339754</td>\n",
       "      <td>Etobicoke Centre</td>\n",
       "      <td>0.004243</td>\n",
       "    </tr>\n",
       "    <tr>\n",
       "      <th>19</th>\n",
       "      <td>20</td>\n",
       "      <td>2</td>\n",
       "      <td>0.108911</td>\n",
       "      <td>0</td>\n",
       "      <td>127</td>\n",
       "      <td>0.000421</td>\n",
       "      <td>28.187890</td>\n",
       "      <td>Scarborough Southwest</td>\n",
       "      <td>0.003864</td>\n",
       "    </tr>\n",
       "    <tr>\n",
       "      <th>14</th>\n",
       "      <td>15</td>\n",
       "      <td>2</td>\n",
       "      <td>0.079208</td>\n",
       "      <td>0</td>\n",
       "      <td>96</td>\n",
       "      <td>0.000402</td>\n",
       "      <td>30.291447</td>\n",
       "      <td>Don Valley West</td>\n",
       "      <td>0.002615</td>\n",
       "    </tr>\n",
       "    <tr>\n",
       "      <th>24</th>\n",
       "      <td>25</td>\n",
       "      <td>0</td>\n",
       "      <td>0.000000</td>\n",
       "      <td>0</td>\n",
       "      <td>96</td>\n",
       "      <td>0.000000</td>\n",
       "      <td>54.085106</td>\n",
       "      <td>Scarborough-Rouge Park</td>\n",
       "      <td>0.000000</td>\n",
       "    </tr>\n",
       "  </tbody>\n",
       "</table>\n",
       "</div>"
      ],
      "text/plain": [
       "    ward  cycles  scaled_cycles  removed_cycles    N  cycle_availability  \\\n",
       "12    13       4       0.396040               0   58            0.003273   \n",
       "9     10       3       0.544554               0   50            0.005186   \n",
       "21    22      12       1.237624               0   99            0.006097   \n",
       "10    11       7       0.603960               0   73            0.004000   \n",
       "8      9       6       0.435644               0   87            0.002434   \n",
       "3      4       8       0.514851               0   89            0.002813   \n",
       "4      5      10       0.752475               1  159            0.002330   \n",
       "13    14       8       0.574257               0  115            0.002444   \n",
       "15    16       5       0.564356               0   74            0.003689   \n",
       "16    17       8       0.594059               0   91            0.003177   \n",
       "22    23      11       0.702970               0  109            0.003152   \n",
       "18    19       5       0.336634               0   99            0.001658   \n",
       "0      1      14       0.811881               0  152            0.002627   \n",
       "6      7       4       0.475248               0   95            0.002437   \n",
       "23    24       3       0.356436               0   59            0.002898   \n",
       "7      8       5       0.217822               0  120            0.000889   \n",
       "20    21       3       0.247525               1  111            0.001090   \n",
       "2      3       6       0.247525               0  154            0.000791   \n",
       "17    18       3       0.118812               0   83            0.000695   \n",
       "11    12       1       0.059406               0   54            0.000526   \n",
       "5      6       2       0.158416               0  103            0.000751   \n",
       "1      2       6       0.158416               0  151            0.000516   \n",
       "19    20       2       0.108911               0  127            0.000421   \n",
       "14    15       2       0.079208               0   96            0.000402   \n",
       "24    25       0       0.000000               0   96            0.000000   \n",
       "\n",
       "         area                 ward_name  cycle_density  \n",
       "12   5.861979            Toronto Centre       0.067561  \n",
       "9    9.301089         Spadina-Fort York       0.058547  \n",
       "21  21.395977     Scarborough-Agincourt       0.057844  \n",
       "10  13.594704       University-Rosedale       0.044426  \n",
       "8   12.092764                 Davenport       0.036025  \n",
       "3   15.324933        Parkdale-High Park       0.033596  \n",
       "4   24.973567         York South-Weston       0.030131  \n",
       "13  21.798056          Toronto-Danforth       0.026344  \n",
       "15  22.961198           Don Valley East       0.024579  \n",
       "16  24.416753          Don Valley North       0.024330  \n",
       "22  30.433949         Scarborough North       0.023098  \n",
       "18  16.801757         Beaches-East York       0.020036  \n",
       "0   48.352264           Etobicoke North       0.016791  \n",
       "6   30.694207  Humber River-Black Creek       0.015483  \n",
       "23  26.114731     Scarborough-Guildwood       0.013649  \n",
       "7   22.657720         Eglinton-Lawrence       0.009614  \n",
       "20  28.201837        Scarborough Centre       0.008777  \n",
       "2   40.012431       Etobicoke-Lakeshore       0.006186  \n",
       "17  19.758824                Willowdale       0.006013  \n",
       "11  13.119079        Toronto-St. Paul's       0.004528  \n",
       "5   35.352673               York Centre       0.004481  \n",
       "1   37.339754          Etobicoke Centre       0.004243  \n",
       "19  28.187890     Scarborough Southwest       0.003864  \n",
       "14  30.291447           Don Valley West       0.002615  \n",
       "24  54.085106    Scarborough-Rouge Park       0.000000  "
      ]
     },
     "execution_count": 105,
     "metadata": {},
     "output_type": "execute_result"
    }
   ],
   "source": [
    "result_df.sort_values(by = 'cycle_density', ascending = False)"
   ]
  },
  {
   "cell_type": "code",
   "execution_count": 13,
   "metadata": {},
   "outputs": [],
   "source": [
    "result_df.to_csv('cycles-' + period + '.csv', index = False)"
   ]
  },
  {
   "cell_type": "code",
   "execution_count": null,
   "metadata": {},
   "outputs": [],
   "source": []
  }
 ],
 "metadata": {
  "kernelspec": {
   "display_name": "Python 3",
   "language": "python",
   "name": "python3"
  },
  "language_info": {
   "codemirror_mode": {
    "name": "ipython",
    "version": 3
   },
   "file_extension": ".py",
   "mimetype": "text/x-python",
   "name": "python",
   "nbconvert_exporter": "python",
   "pygments_lexer": "ipython3",
   "version": "3.7.6"
  }
 },
 "nbformat": 4,
 "nbformat_minor": 4
}
